            0,
          201,
          402,
          603,
          804,
         1005,
         1206,
         1407,
         1608,
         1810,
         2011,
         2212,
         2413,
         2615,
         2816,
         3018,
         3219,
         3421,
         3622,
         3824,
         4026,
         4228,
         4430,
         4632,
         4834,
         5036,
         5238,
         5441,
         5643,
         5846,
         6048,
         6251,
         6454,
         6657,
         6861,
         7064,
         7267,
         7471,
         7675,
         7879,
         8083,
         8287,
         8491,
         8696,
         8900,
         9105,
         9310,
         9515,
         9721,
         9926,
        10132,
        10338,
        10544,
        10751,
        10957,
        11164,
        11371,
        11578,
        11786,
        11993,
        12201,
        12409,
        12618,
        12827,
        13035,
        13245,
        13454,
        13664,
        13874,
        14084,
        14294,
        14505,
        14716,
        14927,
        15139,
        15351,
        15563,
        15776,
        15989,
        16202,
        16415,
        16629,
        16843,
        17058,
        17273,
        17488,
        17704,
        17919,
        18136,
        18352,
        18569,
        18787,
        19005,
        19223,
        19441,
        19660,
        19880,
        20099,
        20320,
        20540,
        20761,
        20983,
        21205,
        21427,
        21650,
        21873,
        22097,
        22321,
        22545,
        22770,
        22996,
        23222,
        23449,
        23676,
        23903,
        24131,
        24360,
        24589,
        24819,
        25049,
        25280,
        25511,
        25743,
        25975,
        26208,
        26441,
        26675,
        26910,
        27145,
        27381,
        27618,
        27855,
        28092,
        28331,
        28570,
        28809,
        29050,
        29291,
        29532,
        29774,
        30017,
        30261,
        30505,
        30750,
        30996,
        31242,
        31489,
        31737,
        31986,
        32235,
        32485,
        32736,
        32988,
        33240,
        33493,
        33747,
        34002,
        34257,
        34514,
        34771,
        35029,
        35288,
        35548,
        35809,
        36070,
        36333,
        36596,
        36860,
        37125,
        37391,
        37658,
        37926,
        38195,
        38465,
        38736,
        39007,
        39280,
        39554,
        39829,
        40105,
        40382,
        40660,
        40939,
        41219,
        41500,
        41782,
        42065,
        42350,
        42635,
        42922,
        43210,
        43499,
        43789,
        44081,
        44373,
        44667,
        44962,
        45259,
        45556,
        45855,
        46155,
        46457,
        46759,
        47063,
        47369,
        47676,
        47984,
        48293,
        48604,
        48917,
        49230,
        49546,
        49862,
        50181,
        50500,
        50822,
        51144,
        51469,
        51794,
        52122,
        52451,
        52782,
        53114,
        53448,
        53784,
        54121,
        54460,
        54801,
        55143,
        55487,
        55834,
        56181,
        56531,
        56883,
        57236,
        57592,
        57949,
        58308,
        58669,
        59033,
        59398,
        59765,
        60134,
        60506,
        60879,
        61255,
        61633,
        62013,
        62395,
        62779,
        63166,
        63555,
        63946,
        64340,
        64736,
        65135,
        65535,
        65939,
        66345,
        66753,
        67164,
        67578,
        67994,
        68413,
        68834,
        69258,
        69685,
        70115,
        70548,
        70983,
        71422,
        71863,
        72307,
        72755,
        73205,
        73659,
        74115,
        74575,
        75038,
        75504,
        75974,
        76447,
        76923,
        77403,
        77886,
        78373,
        78864,
        79358,
        79855,
        80357,
        80862,
        81371,
        81884,
        82401,
        82922,
        83447,
        83976,
        84509,
        85047,
        85589,
        86135,
        86686,
        87241,
        87800,
        88365,
        88934,
        89507,
        90086,
        90669,
        91258,
        91851,
        92450,
        93053,
        93663,
        94277,
        94897,
        95522,
        96153,
        96790,
        97433,
        98081,
        98735,
        99396,
       100063,
       100736,
       101415,
       102101,
       102793,
       103492,
       104198,
       104911,
       105631,
       106358,
       107092,
       107834,
       108583,
       109340,
       110104,
       110877,
       111658,
       112446,
       113244,
       114049,
       114864,
       115687,
       116519,
       117360,
       118211,
       119071,
       119940,
       120820,
       121709,
       122609,
       123519,
       124439,
       125371,
       126313,
       127267,
       128232,
       129209,
       130197,
       131198,
       132211,
       133237,
       134275,
       135327,
       136392,
       137471,
       138564,
       139671,
       140792,
       141929,
       143081,
       144248,
       145431,
       146630,
       147846,
       149079,
       150329,
       151597,
       152883,
       154188,
       155512,
       156855,
       158217,
       159601,
       161005,
       162430,
       163877,
       165347,
       166839,
       168355,
       169895,
       171460,
       173050,
       174666,
       176309,
       177979,
       179677,
       181404,
       183160,
       184947,
       186765,
       188615,
       190499,
       192416,
       194367,
       196355,
       198380,
       200442,
       202544,
       204686,
       206869,
       209095,
       211365,
       213681,
       216043,
       218453,
       220913,
       223425,
       225990,
       228610,
       231286,
       234021,
       236816,
       239674,
       242597,
       245588,
       248647,
       251779,
       254986,
       258270,
       261634,
       265082,
       268616,
       272241,
       275959,
       279774,
       283691,
       287713,
       291845,
       296091,
       300457,
       304947,
       309567,
       314324,
       319222,
       324269,
       329471,
       334837,
       340373,
       346089,
       351993,
       358094,
       364404,
       370933,
       377693,
       384696,
       391956,
       399487,
       407305,
       415427,
       423871,
       432658,
       441807,
       451343,
       461291,
       471678,
       482534,
       493891,
       505787,
       518259,
       531351,
       545112,
       559593,
       574853,
       590957,
       607978,
       625996,
       645102,
       665398,
       686999,
       710035,
       734655,
       761030,
       789353,
       819849,
       852780,
       888449,
       927215,
       969498,
      1015802,
      1066729,
      1123011,
      1185538,
      1255414,
      1334015,
      1423088,
      1524876,
      1642314,
      1779313,
      1941209,
      2135471,
      2372887,
      2669640,
      3051161,
      3559833,
      4271947,
      5340085,
      7120270,
     10680573,
     21361347,
   2147483647,
    -21361347,
    -10680573,
     -7120270,
     -5340085,
     -4271947,
     -3559833,
     -3051161,
     -2669640,
     -2372887,
     -2135471,
     -1941209,
     -1779313,
     -1642314,
     -1524876,
     -1423088,
     -1334015,
     -1255414,
     -1185538,
     -1123011,
     -1066729,
     -1015802,
      -969498,
      -927215,
      -888449,
      -852780,
      -819849,
      -789353,
      -761030,
      -734655,
      -710035,
      -686999,
      -665398,
      -645102,
      -625996,
      -607978,
      -590957,
      -574853,
      -559593,
      -545112,
      -531351,
      -518259,
      -505787,
      -493891,
      -482534,
      -471678,
      -461291,
      -451343,
      -441807,
      -432658,
      -423871,
      -415427,
      -407305,
      -399487,
      -391956,
      -384696,
      -377693,
      -370933,
      -364404,
      -358094,
      -351993,
      -346089,
      -340373,
      -334837,
      -329471,
      -324269,
      -319222,
      -314324,
      -309567,
      -304947,
      -300457,
      -296091,
      -291845,
      -287713,
      -283691,
      -279774,
      -275959,
      -272241,
      -268616,
      -265082,
      -261634,
      -258270,
      -254986,
      -251779,
      -248647,
      -245588,
      -242597,
      -239674,
      -236816,
      -234021,
      -231286,
      -228610,
      -225990,
      -223425,
      -220913,
      -218453,
      -216043,
      -213681,
      -211365,
      -209095,
      -206869,
      -204686,
      -202544,
      -200442,
      -198380,
      -196355,
      -194367,
      -192416,
      -190499,
      -188615,
      -186765,
      -184947,
      -183160,
      -181404,
      -179677,
      -177979,
      -176309,
      -174666,
      -173050,
      -171460,
      -169895,
      -168355,
      -166839,
      -165347,
      -163877,
      -162430,
      -161005,
      -159601,
      -158217,
      -156855,
      -155512,
      -154188,
      -152883,
      -151597,
      -150329,
      -149079,
      -147846,
      -146630,
      -145431,
      -144248,
      -143081,
      -141929,
      -140792,
      -139671,
      -138564,
      -137471,
      -136392,
      -135327,
      -134275,
      -133237,
      -132211,
      -131198,
      -130197,
      -129209,
      -128232,
      -127267,
      -126313,
      -125371,
      -124439,
      -123519,
      -122609,
      -121709,
      -120820,
      -119940,
      -119071,
      -118211,
      -117360,
      -116519,
      -115687,
      -114864,
      -114049,
      -113244,
      -112446,
      -111658,
      -110877,
      -110104,
      -109340,
      -108583,
      -107834,
      -107092,
      -106358,
      -105631,
      -104911,
      -104198,
      -103492,
      -102793,
      -102101,
      -101415,
      -100736,
      -100063,
       -99396,
       -98735,
       -98081,
       -97433,
       -96790,
       -96153,
       -95522,
       -94897,
       -94277,
       -93663,
       -93053,
       -92450,
       -91851,
       -91258,
       -90669,
       -90086,
       -89507,
       -88934,
       -88365,
       -87800,
       -87241,
       -86686,
       -86135,
       -85589,
       -85047,
       -84509,
       -83976,
       -83447,
       -82922,
       -82401,
       -81884,
       -81371,
       -80862,
       -80357,
       -79855,
       -79358,
       -78864,
       -78373,
       -77886,
       -77403,
       -76923,
       -76447,
       -75974,
       -75504,
       -75038,
       -74575,
       -74115,
       -73659,
       -73205,
       -72755,
       -72307,
       -71863,
       -71422,
       -70983,
       -70548,
       -70115,
       -69685,
       -69258,
       -68834,
       -68413,
       -67994,
       -67578,
       -67164,
       -66753,
       -66345,
       -65939,
       -65536,
       -65135,
       -64736,
       -64340,
       -63946,
       -63555,
       -63166,
       -62779,
       -62395,
       -62013,
       -61633,
       -61255,
       -60879,
       -60506,
       -60134,
       -59765,
       -59398,
       -59033,
       -58669,
       -58308,
       -57949,
       -57592,
       -57236,
       -56883,
       -56531,
       -56181,
       -55834,
       -55487,
       -55143,
       -54801,
       -54460,
       -54121,
       -53784,
       -53448,
       -53114,
       -52782,
       -52451,
       -52122,
       -51794,
       -51469,
       -51144,
       -50822,
       -50500,
       -50181,
       -49862,
       -49546,
       -49230,
       -48917,
       -48604,
       -48293,
       -47984,
       -47676,
       -47369,
       -47063,
       -46759,
       -46457,
       -46155,
       -45855,
       -45556,
       -45259,
       -44962,
       -44667,
       -44373,
       -44081,
       -43789,
       -43499,
       -43210,
       -42922,
       -42635,
       -42350,
       -42065,
       -41782,
       -41500,
       -41219,
       -40939,
       -40660,
       -40382,
       -40105,
       -39829,
       -39554,
       -39280,
       -39007,
       -38736,
       -38465,
       -38195,
       -37926,
       -37658,
       -37391,
       -37125,
       -36860,
       -36596,
       -36333,
       -36070,
       -35809,
       -35548,
       -35288,
       -35029,
       -34771,
       -34514,
       -34257,
       -34002,
       -33747,
       -33493,
       -33240,
       -32988,
       -32736,
       -32485,
       -32235,
       -31986,
       -31737,
       -31489,
       -31242,
       -30996,
       -30750,
       -30505,
       -30261,
       -30017,
       -29774,
       -29532,
       -29291,
       -29050,
       -28809,
       -28570,
       -28331,
       -28092,
       -27855,
       -27618,
       -27381,
       -27145,
       -26910,
       -26675,
       -26441,
       -26208,
       -25975,
       -25743,
       -25511,
       -25280,
       -25049,
       -24819,
       -24589,
       -24360,
       -24131,
       -23903,
       -23676,
       -23449,
       -23222,
       -22996,
       -22770,
       -22545,
       -22321,
       -22097,
       -21873,
       -21650,
       -21427,
       -21205,
       -20983,
       -20761,
       -20540,
       -20320,
       -20099,
       -19880,
       -19660,
       -19441,
       -19223,
       -19005,
       -18787,
       -18569,
       -18352,
       -18136,
       -17919,
       -17704,
       -17488,
       -17273,
       -17058,
       -16843,
       -16629,
       -16415,
       -16202,
       -15989,
       -15776,
       -15563,
       -15351,
       -15139,
       -14927,
       -14716,
       -14505,
       -14294,
       -14084,
       -13874,
       -13664,
       -13454,
       -13245,
       -13035,
       -12827,
       -12618,
       -12409,
       -12201,
       -11993,
       -11786,
       -11578,
       -11371,
       -11164,
       -10957,
       -10751,
       -10544,
       -10338,
       -10132,
        -9926,
        -9721,
        -9515,
        -9310,
        -9105,
        -8900,
        -8696,
        -8491,
        -8287,
        -8083,
        -7879,
        -7675,
        -7471,
        -7267,
        -7064,
        -6861,
        -6657,
        -6454,
        -6251,
        -6048,
        -5846,
        -5643,
        -5441,
        -5238,
        -5036,
        -4834,
        -4632,
        -4430,
        -4228,
        -4026,
        -3824,
        -3622,
        -3421,
        -3219,
        -3018,
        -2816,
        -2615,
        -2413,
        -2212,
        -2011,
        -1810,
        -1608,
        -1407,
        -1206,
        -1005,
         -804,
         -603,
         -402,
         -201,
            0,
          201,
          402,
          603,
          804,
         1005,
         1206,
         1407,
         1608,
         1810,
         2011,
         2212,
         2413,
         2615,
         2816,
         3018,
         3219,
         3421,
         3622,
         3824,
         4026,
         4228,
         4430,
         4632,
         4834,
         5036,
         5238,
         5441,
         5643,
         5846,
         6048,
         6251,
         6454,
         6657,
         6861,
         7064,
         7267,
         7471,
         7675,
         7879,
         8083,
         8287,
         8491,
         8696,
         8900,
         9105,
         9310,
         9515,
         9721,
         9926,
        10132,
        10338,
        10544,
        10751,
        10957,
        11164,
        11371,
        11578,
        11786,
        11993,
        12201,
        12409,
        12618,
        12827,
        13035,
        13245,
        13454,
        13664,
        13874,
        14084,
        14294,
        14505,
        14716,
        14927,
        15139,
        15351,
        15563,
        15776,
        15989,
        16202,
        16415,
        16629,
        16843,
        17058,
        17273,
        17488,
        17704,
        17919,
        18136,
        18352,
        18569,
        18787,
        19005,
        19223,
        19441,
        19660,
        19880,
        20099,
        20320,
        20540,
        20761,
        20983,
        21205,
        21427,
        21650,
        21873,
        22097,
        22321,
        22545,
        22770,
        22996,
        23222,
        23449,
        23676,
        23903,
        24131,
        24360,
        24589,
        24819,
        25049,
        25280,
        25511,
        25743,
        25975,
        26208,
        26441,
        26675,
        26910,
        27145,
        27381,
        27618,
        27855,
        28092,
        28331,
        28570,
        28809,
        29050,
        29291,
        29532,
        29774,
        30017,
        30261,
        30505,
        30750,
        30996,
        31242,
        31489,
        31737,
        31986,
        32235,
        32485,
        32736,
        32988,
        33240,
        33493,
        33747,
        34002,
        34257,
        34514,
        34771,
        35029,
        35288,
        35548,
        35809,
        36070,
        36333,
        36596,
        36860,
        37125,
        37391,
        37658,
        37926,
        38195,
        38465,
        38736,
        39007,
        39280,
        39554,
        39829,
        40105,
        40382,
        40660,
        40939,
        41219,
        41500,
        41782,
        42065,
        42350,
        42635,
        42922,
        43210,
        43499,
        43789,
        44081,
        44373,
        44667,
        44962,
        45259,
        45556,
        45855,
        46155,
        46457,
        46759,
        47063,
        47369,
        47676,
        47984,
        48293,
        48604,
        48917,
        49230,
        49546,
        49862,
        50181,
        50500,
        50822,
        51144,
        51469,
        51794,
        52122,
        52451,
        52782,
        53114,
        53448,
        53784,
        54121,
        54460,
        54801,
        55143,
        55487,
        55834,
        56181,
        56531,
        56883,
        57236,
        57592,
        57949,
        58308,
        58669,
        59033,
        59398,
        59765,
        60134,
        60506,
        60879,
        61255,
        61633,
        62013,
        62395,
        62779,
        63166,
        63555,
        63946,
        64340,
        64736,
        65135,
        65535,
        65939,
        66345,
        66753,
        67164,
        67578,
        67994,
        68413,
        68834,
        69258,
        69685,
        70115,
        70548,
        70983,
        71422,
        71863,
        72307,
        72755,
        73205,
        73659,
        74115,
        74575,
        75038,
        75504,
        75974,
        76447,
        76923,
        77403,
        77886,
        78373,
        78864,
        79358,
        79855,
        80357,
        80862,
        81371,
        81884,
        82401,
        82922,
        83447,
        83976,
        84509,
        85047,
        85589,
        86135,
        86686,
        87241,
        87800,
        88365,
        88934,
        89507,
        90086,
        90669,
        91258,
        91851,
        92450,
        93053,
        93663,
        94277,
        94897,
        95522,
        96153,
        96790,
        97433,
        98081,
        98735,
        99396,
       100063,
       100736,
       101415,
       102101,
       102793,
       103492,
       104198,
       104911,
       105631,
       106358,
       107092,
       107834,
       108583,
       109340,
       110104,
       110877,
       111658,
       112446,
       113244,
       114049,
       114864,
       115687,
       116519,
       117360,
       118211,
       119071,
       119940,
       120820,
       121709,
       122609,
       123519,
       124439,
       125371,
       126313,
       127267,
       128232,
       129209,
       130197,
       131198,
       132211,
       133237,
       134275,
       135327,
       136392,
       137471,
       138564,
       139671,
       140792,
       141929,
       143081,
       144248,
       145431,
       146630,
       147846,
       149079,
       150329,
       151597,
       152883,
       154188,
       155512,
       156855,
       158217,
       159601,
       161005,
       162430,
       163877,
       165347,
       166839,
       168355,
       169895,
       171460,
       173050,
       174666,
       176309,
       177979,
       179677,
       181404,
       183160,
       184947,
       186765,
       188615,
       190499,
       192416,
       194367,
       196355,
       198380,
       200442,
       202544,
       204686,
       206869,
       209095,
       211365,
       213681,
       216043,
       218453,
       220913,
       223425,
       225990,
       228610,
       231286,
       234021,
       236816,
       239674,
       242597,
       245588,
       248647,
       251779,
       254986,
       258270,
       261634,
       265082,
       268616,
       272241,
       275959,
       279774,
       283691,
       287713,
       291845,
       296091,
       300457,
       304947,
       309567,
       314324,
       319222,
       324269,
       329471,
       334837,
       340373,
       346089,
       351993,
       358094,
       364404,
       370933,
       377693,
       384696,
       391956,
       399487,
       407305,
       415427,
       423871,
       432658,
       441807,
       451343,
       461291,
       471678,
       482534,
       493891,
       505787,
       518259,
       531351,
       545112,
       559593,
       574853,
       590957,
       607978,
       625996,
       645102,
       665398,
       686999,
       710035,
       734655,
       761030,
       789353,
       819849,
       852780,
       888449,
       927215,
       969498,
      1015802,
      1066729,
      1123011,
      1185538,
      1255414,
      1334015,
      1423088,
      1524876,
      1642314,
      1779313,
      1941209,
      2135471,
      2372887,
      2669640,
      3051161,
      3559833,
      4271947,
      5340085,
      7120270,
     10680573,
     21361347,
   2147483647,
    -21361347,
    -10680573,
     -7120270,
     -5340085,
     -4271947,
     -3559833,
     -3051161,
     -2669640,
     -2372887,
     -2135471,
     -1941209,
     -1779313,
     -1642314,
     -1524876,
     -1423088,
     -1334015,
     -1255414,
     -1185538,
     -1123011,
     -1066729,
     -1015802,
      -969498,
      -927215,
      -888449,
      -852780,
      -819849,
      -789353,
      -761030,
      -734655,
      -710035,
      -686999,
      -665398,
      -645102,
      -625996,
      -607978,
      -590957,
      -574853,
      -559593,
      -545112,
      -531351,
      -518259,
      -505787,
      -493891,
      -482534,
      -471678,
      -461291,
      -451343,
      -441807,
      -432658,
      -423871,
      -415427,
      -407305,
      -399487,
      -391956,
      -384696,
      -377693,
      -370933,
      -364404,
      -358094,
      -351993,
      -346089,
      -340373,
      -334837,
      -329471,
      -324269,
      -319222,
      -314324,
      -309567,
      -304947,
      -300457,
      -296091,
      -291845,
      -287713,
      -283691,
      -279774,
      -275959,
      -272241,
      -268616,
      -265082,
      -261634,
      -258270,
      -254986,
      -251779,
      -248647,
      -245588,
      -242597,
      -239674,
      -236816,
      -234021,
      -231286,
      -228610,
      -225990,
      -223425,
      -220913,
      -218453,
      -216043,
      -213681,
      -211365,
      -209095,
      -206869,
      -204686,
      -202544,
      -200442,
      -198380,
      -196355,
      -194367,
      -192416,
      -190499,
      -188615,
      -186765,
      -184947,
      -183160,
      -181404,
      -179677,
      -177979,
      -176309,
      -174666,
      -173050,
      -171460,
      -169895,
      -168355,
      -166839,
      -165347,
      -163877,
      -162430,
      -161005,
      -159601,
      -158217,
      -156855,
      -155512,
      -154188,
      -152883,
      -151597,
      -150329,
      -149079,
      -147846,
      -146630,
      -145431,
      -144248,
      -143081,
      -141929,
      -140792,
      -139671,
      -138564,
      -137471,
      -136392,
      -135327,
      -134275,
      -133237,
      -132211,
      -131198,
      -130197,
      -129209,
      -128232,
      -127267,
      -126313,
      -125371,
      -124439,
      -123519,
      -122609,
      -121709,
      -120820,
      -119940,
      -119071,
      -118211,
      -117360,
      -116519,
      -115687,
      -114864,
      -114049,
      -113244,
      -112446,
      -111658,
      -110877,
      -110104,
      -109340,
      -108583,
      -107834,
      -107092,
      -106358,
      -105631,
      -104911,
      -104198,
      -103492,
      -102793,
      -102101,
      -101415,
      -100736,
      -100063,
       -99396,
       -98735,
       -98081,
       -97433,
       -96790,
       -96153,
       -95522,
       -94897,
       -94277,
       -93663,
       -93053,
       -92450,
       -91851,
       -91258,
       -90669,
       -90086,
       -89507,
       -88934,
       -88365,
       -87800,
       -87241,
       -86686,
       -86135,
       -85589,
       -85047,
       -84509,
       -83976,
       -83447,
       -82922,
       -82401,
       -81884,
       -81371,
       -80862,
       -80357,
       -79855,
       -79358,
       -78864,
       -78373,
       -77886,
       -77403,
       -76923,
       -76447,
       -75974,
       -75504,
       -75038,
       -74575,
       -74115,
       -73659,
       -73205,
       -72755,
       -72307,
       -71863,
       -71422,
       -70983,
       -70548,
       -70115,
       -69685,
       -69258,
       -68834,
       -68413,
       -67994,
       -67578,
       -67164,
       -66753,
       -66345,
       -65939,
       -65536,
       -65135,
       -64736,
       -64340,
       -63946,
       -63555,
       -63166,
       -62779,
       -62395,
       -62013,
       -61633,
       -61255,
       -60879,
       -60506,
       -60134,
       -59765,
       -59398,
       -59033,
       -58669,
       -58308,
       -57949,
       -57592,
       -57236,
       -56883,
       -56531,
       -56181,
       -55834,
       -55487,
       -55143,
       -54801,
       -54460,
       -54121,
       -53784,
       -53448,
       -53114,
       -52782,
       -52451,
       -52122,
       -51794,
       -51469,
       -51144,
       -50822,
       -50500,
       -50181,
       -49862,
       -49546,
       -49230,
       -48917,
       -48604,
       -48293,
       -47984,
       -47676,
       -47369,
       -47063,
       -46759,
       -46457,
       -46155,
       -45855,
       -45556,
       -45259,
       -44962,
       -44667,
       -44373,
       -44081,
       -43789,
       -43499,
       -43210,
       -42922,
       -42635,
       -42350,
       -42065,
       -41782,
       -41500,
       -41219,
       -40939,
       -40660,
       -40382,
       -40105,
       -39829,
       -39554,
       -39280,
       -39007,
       -38736,
       -38465,
       -38195,
       -37926,
       -37658,
       -37391,
       -37125,
       -36860,
       -36596,
       -36333,
       -36070,
       -35809,
       -35548,
       -35288,
       -35029,
       -34771,
       -34514,
       -34257,
       -34002,
       -33747,
       -33493,
       -33240,
       -32988,
       -32736,
       -32485,
       -32235,
       -31986,
       -31737,
       -31489,
       -31242,
       -30996,
       -30750,
       -30505,
       -30261,
       -30017,
       -29774,
       -29532,
       -29291,
       -29050,
       -28809,
       -28570,
       -28331,
       -28092,
       -27855,
       -27618,
       -27381,
       -27145,
       -26910,
       -26675,
       -26441,
       -26208,
       -25975,
       -25743,
       -25511,
       -25280,
       -25049,
       -24819,
       -24589,
       -24360,
       -24131,
       -23903,
       -23676,
       -23449,
       -23222,
       -22996,
       -22770,
       -22545,
       -22321,
       -22097,
       -21873,
       -21650,
       -21427,
       -21205,
       -20983,
       -20761,
       -20540,
       -20320,
       -20099,
       -19880,
       -19660,
       -19441,
       -19223,
       -19005,
       -18787,
       -18569,
       -18352,
       -18136,
       -17919,
       -17704,
       -17488,
       -17273,
       -17058,
       -16843,
       -16629,
       -16415,
       -16202,
       -15989,
       -15776,
       -15563,
       -15351,
       -15139,
       -14927,
       -14716,
       -14505,
       -14294,
       -14084,
       -13874,
       -13664,
       -13454,
       -13245,
       -13035,
       -12827,
       -12618,
       -12409,
       -12201,
       -11993,
       -11786,
       -11578,
       -11371,
       -11164,
       -10957,
       -10751,
       -10544,
       -10338,
       -10132,
        -9926,
        -9721,
        -9515,
        -9310,
        -9105,
        -8900,
        -8696,
        -8491,
        -8287,
        -8083,
        -7879,
        -7675,
        -7471,
        -7267,
        -7064,
        -6861,
        -6657,
        -6454,
        -6251,
        -6048,
        -5846,
        -5643,
        -5441,
        -5238,
        -5036,
        -4834,
        -4632,
        -4430,
        -4228,
        -4026,
        -3824,
        -3622,
        -3421,
        -3219,
        -3018,
        -2816,
        -2615,
        -2413,
        -2212,
        -2011,
        -1810,
        -1608,
        -1407,
        -1206,
        -1005,
         -804,
         -603,
         -402,
         -201,
